// sample=1000
initial_timeout, tendermint, algorand, this_work
0.01, 0.993674986602901, , 1.343182149150821
0.02, 0.9636336572229166, , 0.9277212876772662
0.03, 0.8066728964666685, , 0.7390857550361883
0.04, 0.8715414795108658, , 0.46682306297787574
0.05, 0.9455298924280008, , 0.4952310166343376
0.06, 0.6485214458643208, , 0.39922182334466366
0.07, 0.6346597937683408, , 0.38708572360814764
0.08, 0.7114927495823381, , 0.4142678244265665
0.09, 0.8156683438438302, , 0.42585107091443913
0.10, 0.8655862965222494, 1.8688983899412515, 0.42368940011504747
0.11, 0.860261178320551, 0.8509868892690206, 0.4183535532408742
0.12, 0.41525045228272034, 0.3787370042383214, 0.36322311241526156
0.13, 0.43363311001080057, 0.32922034012080026, 0.35230814241049746
0.14, 0.466613119612194, 0.32910881427875693, 0.3254094902861053
0.15, 0.500411351526057, 0.3452384726670844, 0.3195951929435651
0.16, 0.5125866757439219, 0.37737039507080294, 0.3037314517216335
0.17, 0.5206772943398577, 0.3613947090041165, 0.29328992996815034
0.18, 0.5094858646730501, 0.36741744848002494, 0.269059581941044
0.19, 0.6085346420305634, 0.37345473403714696, 0.30392195943974937
0.20, 0.645608645354132, 0.4149331457207557, 0.32177161905406576
0.21, 0.6004663712602384, 0.4031644226743184, 0.2916389131194064
0.22, 0.6565933052509815, 0.4331199104171882, 0.276997959694154
0.23, 0.696319505454256, 0.43481988829784657, 0.30295272578896854
0.24, 0.6957516793856573, 0.4352495013613522, 0.297040558433851
0.25, 0.6955836663483191, 0.4406206080703677, 0.29366051975067364
0.26, 0.748151392892286, 0.47880200146875185, 0.30487688606363733
0.27, 0.774700972796369, 0.4901719346588591, 0.2918432697672805
0.28, 0.7956504000830696, 0.4598965007136005, 0.2958388624039123
0.29, 0.8367321792584129, 0.5248412364537582, 0.3280016580713992
0.30, 0.8454291190208088, 0.5114747928800182, 0.2993948607023107
0.31, 0.8104712565143976, 0.5030953806813538, 0.29359671072559723
0.32, 0.8314889555386041, 0.4938621272403941, 0.28590361065658715
0.33, 0.9409967538827592, 0.551213378752227, 0.29628310557466925
0.34, 0.8604122289702931, 0.5624178617096232, 0.2869291989771648
0.35, 1.0407217031702478, 0.5520487789834848, 0.2837477011820358
0.36, 1.0727918392960247, 0.6291071699952706, 0.31560541306307793
0.37, 1.0598602815823275, 0.5957879889073652, 0.29201613193453757
0.38, 1.1852496871147389, 0.5685262047414341, 0.2962969170838188
0.39, 1.1144714830865894, 0.6104061870156978, 0.3386082548247207

Tendermint best with timeout 0.12: 0.4153
Algorand best with timeout 0.14: 0.3291
Mir best with timeout 0.18: 0.2691
Mir speedup: 0.1825