initial_timeout, tendermint, algorand, this_work
0.01, 0.9616765149147086, , 1.3390211457359362
0.02, 0.9555804782518674, , 0.9248591281850448
0.03, 0.7818453117465513, , 0.7577619990359008
0.04, 0.9116262605384415, , 0.4413778958483694
0.05, 0.9755913058930479, , 0.475332666447549
0.06, 0.6742435134309872, , 0.3812372229467742
0.07, 0.6625466023868489, , 0.4032229525905054
0.08, 0.7436280661975934, , 0.40293707906056986
0.09, 0.8162978567846213, , 0.4111532772904284
0.10, 0.845748656276373, 1.8784329504811346, 0.4276599932402727
0.11, 0.8721056381802755, 0.9238843614684945, 0.408515510439866
0.12, 0.4791887002770216, 0.3706737770120357, 0.358894814962669
0.13, 0.44662927385944867, 0.33158397944405155, 0.3416703846667444
0.14, 0.4876646612294527, 0.3499911413514311, 0.34887600145269243
0.15, 0.5231760034264051, 0.3486069733795654, 0.3208217525597645
0.16, 0.4955913724715151, 0.3551215956703096, 0.29884684833910014
0.17, 0.5375940372404595, 0.3691110807841073, 0.3028978548668038
0.18, 0.5726140984749226, 0.3798576907765881, 0.28009135377852507
0.19, 0.5897153793876145, 0.3861686874733356, 0.2885222403884528
0.20, 0.5655383342001363, 0.40175480044981915, 0.30418472139985464
0.21, 0.5791807172223381, 0.38024249923605946, 0.29321562109193516
0.22, 0.6577790244105597, 0.4189233720105418, 0.28184295374425383
0.23, 0.7166215239078935, 0.4246188831850641, 0.2837136436388289
0.24, 0.6857458712391803, 0.4506585622205986, 0.31028229541662145
0.25, 0.7994693646702457, 0.44590211143223996, 0.29693374256361954
0.26, 0.7084897809567773, 0.4400403410981836, 0.30795750252083115
0.27, 0.7330077504640232, 0.4729519194825666, 0.28154972931288447
0.28, 0.7983708674863808, 0.48359352573684183, 0.2941482839321011
0.29, 0.8805542977826519, 0.5311157239752854, 0.3118118635265971
0.30, 0.8455725806266216, 0.4927141088501649, 0.3057632584863124
0.31, 0.8407102085836683, 0.49663775880269023, 0.3191295624066796
0.32, 0.9315649918884586, 0.5070330352951012, 0.31531743922468847
0.33, 0.9890911483199761, 0.5105907422565394, 0.28716835362736604
0.34, 0.9816017521285533, 0.5344775766150753, 0.3160234560237518
0.35, 0.9723546962577293, 0.5735727275774841, 0.2692896025252134
0.36, 0.9416642947664153, 0.5772197009947639, 0.29917266778187984
0.37, 1.0022766330551764, 0.6183665643419803, 0.29327480575230663
0.38, 1.0266615639016938, 0.6226366709701929, 0.2756033406975378
0.39, 1.1315606627573471, 0.6575532492420596, 0.270079747521406

Tendermint best with timeout 0.13: 0.4466
Algorand best with timeout 0.13: 0.3316
Mir best with timeout 0.35: 0.2693
Mir speedup: 0.1879


