initial_timeout, tendermint, algorand, this_work
0.01, 0.9376132647722799, , 1.3497222951521681
0.02, 0.9315898141595388, , 0.9753469942884306
0.03, 0.7470694645168601, , 0.7397946093393227
0.04, 0.8554350760425594, , 0.46029316884573257
0.05, 0.9554447389882187, , 0.5011682342194453
0.06, 0.6533086846485083, , 0.36805751542449056
0.07, 0.6347242562951441, , 0.38408356003567307
0.08, 0.767769306940779, , 0.397260639293884
0.09, 0.7892851759083779, , 0.4331757765602929
0.10, 0.8357317474618645, 2.3336969114228343, 0.41943734494547896
0.11, 0.8447207104266636, 0.9680293293238051, 0.4194053071120263
0.12, 0.4684778664359047, 0.3797030286522991, 0.36879986263616577
0.13, 0.40772958085072436, 0.34881596079802296, 0.3561682246317524
0.14, 0.5155993075680105, 0.3400200061795588, 0.3395645581990832
0.15, 0.5230879562659732, 0.33847573058740865, 0.29495926864226785
0.16, 0.5514723530122576, 0.369832152878604, 0.3114516427882034
0.17, 0.5714924644308456, 0.36510186009458273, 0.29423614982846064
0.18, 0.5635435780040535, 0.35535822528865113, 0.2960749302329361
0.19, 0.627619923271991, 0.39929489554822184, 0.2997851277333331
0.20, 0.5465164540385262, 0.40618083141847316, 0.28972012411725123
0.21, 0.6102075605035763, 0.3987629896608049, 0.2991810839860812
0.22, 0.6675069171072331, 0.42852800891313325, 0.2869972567939973
0.23, 0.6611865781860895, 0.42459448899693863, 0.27168055857924983
0.24, 0.7573489538161842, 0.4613956421782442, 0.29228909935372954
0.25, 0.684121101481469, 0.46201765278338564, 0.2804873740106333
0.26, 0.7732227169734391, 0.4675722921206303, 0.30083619897070707
0.27, 0.8126485286801889, 0.47867263991374803, 0.28716822649293283
0.28, 0.7828779441132536, 0.47174586465297924, 0.3251302107324246
0.29, 0.7792765864757121, 0.5006007596084571, 0.2915644668755686
0.30, 0.8157324784386366, 0.5365591047147494, 0.2799869765913918
0.31, 0.9190695742789013, 0.5352781888758152, 0.3015712699596806
0.32, 0.9115610710161549, 0.5402318171607506, 0.31369601629011756
0.33, 0.9206388358906814, 0.5648373851522257, 0.31374343757822515
0.34, 0.9130005596713394, 0.5904046025776327, 0.2828069914374186
0.35, 0.970682283454053, 0.54501309303407, 0.3481745368517324
0.36, 0.982447141821301, 0.5333425692009333, 0.3117066147757683
0.37, 1.0761149931697833, 0.603343429991958, 0.3507954628821179
0.38, 0.9898763366497417, 0.5915441553139129, 0.30947352323634286
0.39, 1.0548045911412687, 0.6180602948654982, 0.3252298420741009

Tendermint best with timeout 0.13: 0.4077
Algorand best with timeout 0.15: 0.3385
Mir best with timeout 0.23: 0.2717
Mir speedup: 0.1973